batch_size: 4096
emb_dim: 64
epochs: 10
expectile: 0.6076327729744586
experiment_name: optuna_trial_1
gamma: 0.5858017612360528
grad_clip_norm: 10.0
hidden1: 256
hidden2: 128
log_diagnostics: false
lr_q: 0.00022437189598585293
lr_v: 3.786125050011514e-05
output_root: ../runs
seed: 0
tau_polyak: 0.008732156858550128
train_npz: ../data/processed/electronics_seq50_679071_20260303_202212/rl_train.npz
weight_decay: 0.0
