batch_size: 4096
emb_dim: 64
epochs: 10
expectile: 0.7663983173456627
experiment_name: optuna_trial_2
gamma: 0.3337564511522174
grad_clip_norm: 10.0
hidden1: 256
hidden2: 128
log_diagnostics: false
lr_q: 1.813071357435484e-05
lr_v: 5.927881545312979e-05
output_root: ../runs
seed: 0
tau_polyak: 0.004308573446204262
train_npz: ../data/processed/electronics_seq50_679071_20260303_202212/rl_train.npz
weight_decay: 0.0
